; Tong Poo - Ryuichi Sakamoto, 1978.
; NOT public domain. Track 2 of a piano-solo MIDI, bars 0-15 (111 notes,
; 45.7 s), reduced mechanically: note-ons paired with note-offs, ticks at the
; MIDI's own 84 bpm, no editing. Here as a listening example.

wave triangle
attack 0.01
decay 0.25
sustain 0.35
release 0.25
master 0.2
  0.0000   60   0.3571
  0.3571   63   0.3571
  0.7143   65   0.3571
  1.0714   60   1.0714
  1.0714   67   1.0714
  2.1429   70   0.3571
  2.5000   58   0.3571
  2.5000   65   0.3571
  2.8571   67   0.2976
  3.1548   63   0.0595
  3.2143   62   0.3571
  3.5714   58   0.3571
  3.9286   60   2.1429
  6.0714   63   0.3571
  6.4286   60   0.3571
  6.7857   63   0.7143
  6.7857   65   0.7143
  7.5000   62   0.3571
  7.5000   67   0.3571
  7.8571   62   0.3571
  8.2143   63   0.7143
  8.9286   63   0.3571
  9.2857   60   0.3571
  9.6429   63   0.7143
  9.6429   65   0.7143
 10.3571   62   0.3571
 10.3571   70   0.3571
 10.7143   65   0.3571
 11.0714   62   0.7143
 11.0714   67   0.7143
 11.7857   67   0.3571
 12.1429   70   0.3571
 12.5000   67   1.0714
 12.5000   72   1.0714
 13.5714   75   0.3571
 13.9286   74   0.3571
 14.2857   70   0.1786
 14.4643   67   0.1786
 14.6429   65   0.3571
 15.0000   63   0.3571
 15.3571   67   0.7143
 16.0714   58   0.7143
 16.0714   63   0.7143
 16.7857   57   0.7143
 17.5000   65   0.7143
 18.2143   67   0.7143
 18.9286   60   0.7143
 18.9286   65   0.7143
 19.6429   59   0.7143
 21.4286   67   0.1786
 21.7857   71   0.1786
 22.1429   74   0.1786
 22.5000   79   0.1786
 22.8572   72   0.3571
 23.2143   75   0.3571
 23.5714   77   0.3571
 23.9286   72   1.0714
 23.9286   79   1.0714
 25.0000   82   0.3571
 25.3572   70   0.3571
 25.3572   77   0.3571
 25.7143   79   0.3051
 26.0194   75   0.0521
 26.0714   74   0.3571
 26.4286   70   0.3571
 26.7857   72   2.1429
 28.9286   75   0.3571
 29.2857   72   0.3571
 29.6429   68   0.7143
 29.6429   72   0.7143
 29.6429   77   0.7143
 30.3572   70   0.3571
 30.3572   79   0.3571
 30.7143   74   0.3571
 31.0714   70   0.7143
 31.0714   75   0.7143
 31.7857   67   0.3571
 31.7857   70   0.3571
 31.7857   75   0.3571
 32.1429   72   0.3571
 32.5000   68   0.7143
 32.5000   72   0.7143
 32.5000   77   0.7143
 33.2143   74   0.3571
 33.2143   82   0.3571
 33.5714   77   0.3571
 33.9286   74   0.7143
 33.9286   79   0.7143
 34.6429   73   0.3571
 34.6429   79   0.3571
 35.0000   82   0.3571
 35.3572   72   1.0714
 35.3572   79   1.0714
 35.3572   84   1.0714
 36.4286   87   0.3571
 36.7857   77   0.3571
 36.7857   86   0.3571
 37.1429   82   0.1786
 37.3214   79   0.1786
 37.5000   77   0.3571
 37.8572   75   0.3571
 38.2143   79   0.7143
 38.9286   70   0.7143
 38.9286   75   0.7143
 39.6429   69   0.7143
 40.3572   77   0.7143
 41.0714   79   0.7143
 41.7857   72   0.7143
 41.7857   77   0.7143
 42.5000   71   0.7143
 43.2143   77   0.7143
